header: 
  seq: 0
  stamp: 
    secs: 1454419923
    nsecs: 747017600
  frame_id: "horizontal_vlp16_link"
height: 1
width: 384
fields: 
  - 
    name: "x"
    offset: 0
    datatype: 7
    count: 1
  - 
    name: "y"
    offset: 4
    datatype: 7
    count: 1
  - 
    name: "z"
    offset: 8
    datatype: 7
    count: 1
is_bigendian: False
point_step: 16
row_step: 6144
data: [64, 231, 86, 62, 126, 187, 199, 191, 1, 0, 216, 190, 0, 0, 128, 63, 128, 89, 83, 62, 104, 220, 196, 191, 190, 227, 221, 60, 0, 0, 128, 63, 240, 193, 81, 62, 203, 206, 195, 191, 230, 111, 182, 190, 0, 0, 128, 63, 56, 249, 85, 62, 21, 47, 200, 191, 205, 89, 169, 61, 0, 0, 128, 63, 112, 67, 67, 62, 73, 21, 183, 191, 73, 156, 143, 190, 0, 0, 128, 63, 48, 253, 83, 62, 165, 52, 199, 191, 110, 167, 12, 62, 0, 0, 128, 63, 96, 15, 79, 62, 121, 1, 195, 191, 1, 65, 121, 190, 0, 0, 128, 63, 176, 160, 83, 62, 51, 192, 199, 191, 114, 236, 69, 62, 0, 0, 128, 63, 200, 196, 80, 62, 196, 125, 197, 191, 101, 173, 67, 190, 0, 0, 128, 63, 248, 118, 82, 62, 85, 138, 199, 191, 78, 5, 127, 62, 0, 0, 128, 63, 72, 125, 78, 62, 168, 53, 196, 191, 24, 131, 10, 190, 0, 0, 128, 63, 56, 254, 79, 62, 241, 20, 198, 191, 115, 85, 155, 62, 0, 0, 128, 63, 104, 245, 75, 62, 30, 173, 194, 191, 123, 162, 164, 189, 0, 0, 128, 63, 232, 231, 80, 62, 1, 217, 199, 191, 105, 31, 186, 62, 0, 0, 128, 63, 112, 55, 78, 62, 109, 184, 197, 191, 88, 191, 222, 188, 0, 0, 128, 63, 224, 50, 79, 62, 139, 28, 199, 191, 118, 52, 215, 62, 0, 0, 128, 63, 184, 76, 79, 62, 41, 89, 203, 191, 224, 181, 219, 190, 0, 0, 128, 63, 24, 112, 73, 62, 46, 14, 198, 191, 139, 8, 223, 60, 0, 0, 128, 63, 112, 58, 38, 62, 223, 208, 163, 191, 219, 125, 152, 190, 0, 0, 128, 63, 176, 77, 73, 62, 214, 215, 198, 191, 136, 16, 168, 61, 0, 0, 128, 63, 16, 16, 54, 62, 168, 65, 180, 191, 13, 68, 141, 190, 0, 0, 128, 63, 120, 108, 73, 62, 22, 228, 199, 191, 210, 2, 13, 62, 0, 0, 128, 63, 48, 58, 69, 62, 49, 47, 196, 191, 18, 137, 122, 190, 0, 0, 128, 63, 64, 4, 72, 62, 236, 108, 199, 191, 168, 108, 69, 62, 0, 0, 128, 63, 152, 199, 68, 62, 200, 168, 196, 191, 209, 173, 66, 190, 0, 0, 128, 63, 48, 223, 71, 62, 89, 56, 200, 191, 86, 169, 127, 62, 0, 0, 128, 63, 200, 150, 68, 62, 126, 101, 197, 191, 224, 57, 11, 190, 0, 0, 128, 63, 144, 187, 68, 62, 28, 2, 198, 191, 110, 35, 155, 62, 0, 0, 128, 63, 112, 163, 65, 62, 38, 91, 195, 191, 60, 16, 165, 189, 0, 0, 128, 63, 136, 219, 66, 62, 183, 13, 197, 191, 199, 91, 183, 62, 0, 0, 128, 63, 80, 186, 68, 62, 62, 107, 199, 191, 140, 118, 224, 188, 0, 0, 128, 63, 88, 24, 69, 62, 176, 68, 200, 191, 219, 67, 216, 62, 0, 0, 128, 63, 64, 231, 86, 62, 126, 187, 199, 191, 1, 0, 216, 190, 0, 0, 128, 63, 128, 89, 83, 62, 104, 220, 196, 191, 190, 227, 221, 60, 0, 0, 128, 63, 240, 193, 81, 62, 203, 206, 195, 191, 230, 111, 182, 190, 0, 0, 128, 63, 56, 249, 85, 62, 21, 47, 200, 191, 205, 89, 169, 61, 0, 0, 128, 63, 112, 67, 67, 62, 73, 21, 183, 191, 73, 156, 143, 190, 0, 0, 128, 63, 48, 253, 83, 62, 165, 52, 199, 191, 110, 167, 12, 62, 0, 0, 128, 63, 96, 15, 79, 62, 121, 1, 195, 191, 1, 65, 121, 190, 0, 0, 128, 63, 176, 160, 83, 62, 51, 192, 199, 191, 114, 236, 69, 62, 0, 0, 128, 63, 200, 196, 80, 62, 196, 125, 197, 191, 101, 173, 67, 190, 0, 0, 128, 63, 248, 118, 82, 62, 85, 138, 199, 191, 78, 5, 127, 62, 0, 0, 128, 63, 72, 125, 78, 62, 168, 53, 196, 191, 24, 131, 10, 190, 0, 0, 128, 63, 56, 254, 79, 62, 241, 20, 198, 191, 115, 85, 155, 62, 0, 0, 128, 63, 104, 245, 75, 62, 30, 173, 194, 191, 123, 162, 164, 189, 0, 0, 128, 63, 232, 231, 80, 62, 1, 217, 199, 191, 105, 31, 186, 62, 0, 0, 128, 63, 112, 55, 78, 62, 109, 184, 197, 191, 88, 191, 222, 188, 0, 0, 128, 63, 224, 50, 79, 62, 139, 28, 199, 191, 118, 52, 215, 62, 0, 0, 128, 63, 184, 76, 79, 62, 41, 89, 203, 191, 224, 181, 219, 190, 0, 0, 128, 63, 24, 112, 73, 62, 46, 14, 198, 191, 139, 8, 223, 60, 0, 0, 128, 63, 112, 58, 38, 62, 223, 208, 163, 191, 219, 125, 152, 190, 0, 0, 128, 63, 176, 77, 73, 62, 214, 215, 198, 191, 136, 16, 168, 61, 0, 0, 128, 63, 16, 16, 54, 62, 168, 65, 180, 191, 13, 68, 141, 190, 0, 0, 128, 63, 120, 108, 73, 62, 22, 228, 199, 191, 210, 2, 13, 62, 0, 0, 128, 63, 48, 58, 69, 62, 49, 47, 196, 191, 18, 137, 122, 190, 0, 0, 128, 63, 64, 4, 72, 62, 236, 108, 199, 191, 168, 108, 69, 62, 0, 0, 128, 63, 152, 199, 68, 62, 200, 168, 196, 191, 209, 173, 66, 190, 0, 0, 128, 63, 48, 223, 71, 62, 89, 56, 200, 191, 86, 169, 127, 62, 0, 0, 128, 63, 200, 150, 68, 62, 126, 101, 197, 191, 224, 57, 11, 190, 0, 0, 128, 63, 144, 187, 68, 62, 28, 2, 198, 191, 110, 35, 155, 62, 0, 0, 128, 63, 112, 163, 65, 62, 38, 91, 195, 191, 60, 16, 165, 189, 0, 0, 128, 63, 136, 219, 66, 62, 183, 13, 197, 191, 199, 91, 183, 62, 0, 0, 128, 63, 80, 186, 68, 62, 62, 107, 199, 191, 140, 118, 224, 188, 0, 0, 128, 63, 88, 24, 69, 62, 176, 68, 200, 191, 219, 67, 216, 62, 0, 0, 128, 63, 0, 73, 67, 62, 112, 201, 202, 191, 85, 234, 218, 190, 0, 0, 128, 63, 80, 103, 63, 62, 247, 61, 199, 191, 89, 45, 224, 60, 0, 0, 128, 63, 192, 142, 11, 62, 252, 160, 145, 191, 27, 114, 135, 190, 0, 0, 128, 63, 240, 187, 62, 62, 82, 133, 199, 191, 73, 126, 168, 61, 0, 0, 128, 63, 16, 157, 42, 62, 188, 233, 178, 191, 239, 23, 140, 190, 0, 0, 128, 63, 240, 202, 62, 62, 72, 145, 200, 191, 54, 94, 13, 62, 0, 0, 128, 63, 0, 204, 58, 62, 97, 218, 196, 191, 26, 45, 123, 190, 0, 0, 128, 63, 64, 104, 61, 62, 88, 25, 200, 191, 114, 236, 69, 62, 0, 0, 128, 63, 176, 216, 57, 62, 79, 211, 196, 191, 209, 173, 66, 190, 0, 0, 128, 63, 16, 129, 60, 62, 64, 35, 200, 191, 82, 87, 127, 62, 0, 0, 128, 63, 56, 23, 58, 62, 166, 17, 198, 191, 67, 149, 11, 190, 0, 0, 128, 63, 96, 212, 59, 62, 172, 107, 200, 191, 155, 229, 156, 62, 0, 0, 128, 63, 152, 64, 55, 62, 254, 6, 196, 191, 254, 125, 165, 189, 0, 0, 128, 63, 88, 93, 56, 62, 170, 182, 197, 191, 183, 209, 183, 62, 0, 0, 128, 63, 16, 43, 57, 62, 145, 19, 199, 191, 38, 228, 223, 188, 0, 0, 128, 63, 192, 25, 59, 62, 172, 169, 201, 191, 24, 151, 217, 62, 0, 0, 128, 63, 48, 160, 252, 61, 111, 80, 139, 191, 189, 69, 150, 190, 0, 0, 128, 63, 56, 63, 53, 62, 186, 107, 200, 191, 38, 82, 225, 60, 0, 0, 128, 63, 0, 115, 1, 62, 6, 132, 143, 191, 97, 95, 133, 190, 0, 0, 128, 63, 88, 164, 51, 62, 125, 174, 199, 191, 73, 126, 168, 61, 0, 0, 128, 63, 32, 109, 30, 62, 63, 143, 176, 191, 189, 35, 138, 190, 0, 0, 128, 63, 152, 24, 52, 62, 56, 60, 201, 191, 154, 185, 13, 62, 0, 0, 128, 63, 104, 218, 47, 62, 174, 2, 197, 191, 26, 45, 123, 190, 0, 0, 128, 63, 136, 187, 50, 62, 129, 195, 200, 191, 60, 108, 70, 62, 0, 0, 128, 63, 120, 231, 46, 62, 103, 251, 196, 191, 209, 173, 66, 190, 0, 0, 128, 63, 200, 238, 48, 62, 63, 203, 199, 191, 73, 179, 126, 62, 0, 0, 128, 63, 8, 47, 46, 62, 59, 54, 197, 191, 124, 222, 10, 190, 0, 0, 128, 63, 176, 119, 48, 62, 61, 84, 200, 191, 150, 179, 156, 62, 0, 0, 128, 63, 16, 205, 44, 62, 160, 176, 196, 191, 192, 235, 165, 189, 0, 0, 128, 63, 216, 39, 45, 62, 244, 158, 197, 191, 191, 150, 183, 62, 0, 0, 128, 63, 40, 54, 45, 62, 240, 54, 198, 191, 88, 191, 222, 188, 0, 0, 128, 63, 128, 209, 46, 62, 93, 151, 200, 191, 219, 67, 216, 62, 0, 0, 128, 63, 0, 73, 67, 62, 112, 201, 202, 191, 85, 234, 218, 190, 0, 0, 128, 63, 80, 103, 63, 62, 247, 61, 199, 191, 89, 45, 224, 60, 0, 0, 128, 63, 192, 142, 11, 62, 252, 160, 145, 191, 27, 114, 135, 190, 0, 0, 128, 63, 240, 187, 62, 62, 82, 133, 199, 191, 73, 126, 168, 61, 0, 0, 128, 63, 16, 157, 42, 62, 188, 233, 178, 191, 239, 23, 140, 190, 0, 0, 128, 63, 240, 202, 62, 62, 72, 145, 200, 191, 54, 94, 13, 62, 0, 0, 128, 63, 0, 204, 58, 62, 97, 218, 196, 191, 26, 45, 123, 190, 0, 0, 128, 63, 64, 104, 61, 62, 88, 25, 200, 191, 114, 236, 69, 62, 0, 0, 128, 63, 176, 216, 57, 62, 79, 211, 196, 191, 209, 173, 66, 190, 0, 0, 128, 63, 16, 129, 60, 62, 64, 35, 200, 191, 82, 87, 127, 62, 0, 0, 128, 63, 56, 23, 58, 62, 166, 17, 198, 191, 67, 149, 11, 190, 0, 0, 128, 63, 96, 212, 59, 62, 172, 107, 200, 191, 155, 229, 156, 62, 0, 0, 128, 63, 152, 64, 55, 62, 254, 6, 196, 191, 254, 125, 165, 189, 0, 0, 128, 63, 88, 93, 56, 62, 170, 182, 197, 191, 183, 209, 183, 62, 0, 0, 128, 63, 16, 43, 57, 62, 145, 19, 199, 191, 38, 228, 223, 188, 0, 0, 128, 63, 192, 25, 59, 62, 172, 169, 201, 191, 24, 151, 217, 62, 0, 0, 128, 63, 48, 160, 252, 61, 111, 80, 139, 191, 189, 69, 150, 190, 0, 0, 128, 63, 56, 63, 53, 62, 186, 107, 200, 191, 38, 82, 225, 60, 0, 0, 128, 63, 0, 115, 1, 62, 6, 132, 143, 191, 97, 95, 133, 190, 0, 0, 128, 63, 88, 164, 51, 62, 125, 174, 199, 191, 73, 126, 168, 61, 0, 0, 128, 63, 32, 109, 30, 62, 63, 143, 176, 191, 189, 35, 138, 190, 0, 0, 128, 63, 152, 24, 52, 62, 56, 60, 201, 191, 154, 185, 13, 62, 0, 0, 128, 63, 104, 218, 47, 62, 174, 2, 197, 191, 26, 45, 123, 190, 0, 0, 128, 63, 136, 187, 50, 62, 129, 195, 200, 191, 60, 108, 70, 62, 0, 0, 128, 63, 120, 231, 46, 62, 103, 251, 196, 191, 209, 173, 66, 190, 0, 0, 128, 63, 200, 238, 48, 62, 63, 203, 199, 191, 73, 179, 126, 62, 0, 0, 128, 63, 8, 47, 46, 62, 59, 54, 197, 191, 124, 222, 10, 190, 0, 0, 128, 63, 176, 119, 48, 62, 61, 84, 200, 191, 150, 179, 156, 62, 0, 0, 128, 63, 16, 205, 44, 62, 160, 176, 196, 191, 192, 235, 165, 189, 0, 0, 128, 63, 216, 39, 45, 62, 244, 158, 197, 191, 191, 150, 183, 62, 0, 0, 128, 63, 40, 54, 45, 62, 240, 54, 198, 191, 88, 191, 222, 188, 0, 0, 128, 63, 128, 209, 46, 62, 93, 151, 200, 191, 219, 67, 216, 62, 0, 0, 128, 63, 96, 169, 221, 61, 145, 82, 130, 191, 94, 119, 140, 190, 0, 0, 128, 63, 80, 172, 41, 62, 117, 16, 200, 191, 192, 191, 224, 60, 0, 0, 128, 63, 144, 108, 240, 61, 229, 34, 142, 191, 144, 253, 131, 190, 0, 0, 128, 63, 24, 102, 41, 62, 135, 217, 200, 191, 205, 89, 169, 61, 0, 0, 128, 63, 64, 223, 21, 62, 63, 49, 178, 191, 219, 79, 139, 190, 0, 0, 128, 63, 208, 14, 40, 62, 74, 95, 200, 191, 210, 2, 13, 62, 0, 0, 128, 63, 240, 122, 36, 62, 204, 167, 196, 191, 18, 137, 122, 190, 0, 0, 128, 63, 56, 106, 40, 62, 200, 236, 201, 191, 208, 107, 71, 62, 0, 0, 128, 63, 96, 203, 36, 62, 219, 35, 198, 191, 101, 173, 67, 190, 0, 0, 128, 63, 200, 19, 39, 62, 165, 115, 201, 191, 178, 79, 128, 62, 0, 0, 128, 63, 208, 163, 35, 62, 156, 221, 197, 191, 224, 57, 11, 190, 0, 0, 128, 63, 88, 182, 36, 62, 63, 186, 199, 191, 135, 29, 156, 62, 0, 0, 128, 63, 24, 31, 35, 62, 113, 92, 198, 191, 4, 53, 167, 189, 0, 0, 128, 63, 16, 152, 35, 62, 225, 128, 199, 191, 137, 51, 185, 62, 0, 0, 128, 63, 72, 49, 34, 62, 55, 92, 198, 191, 88, 191, 222, 188, 0, 0, 128, 63, 24, 68, 35, 62, 8, 63, 200, 191, 40, 188, 215, 62, 0, 0, 128, 63, 32, 109, 213, 61, 74, 90, 134, 191, 238, 180, 144, 190, 0, 0, 128, 63, 224, 37, 30, 62, 133, 178, 199, 191, 89, 45, 224, 60, 0, 0, 128, 63, 176, 234, 219, 61, 43, 66, 139, 191, 238, 57, 129, 190, 0, 0, 128, 63, 104, 111, 31, 62, 187, 132, 202, 191, 18, 163, 170, 61, 0, 0, 128, 63, 88, 46, 11, 62, 90, 81, 177, 191, 199, 135, 138, 190, 0, 0, 128, 63, 64, 235, 28, 62, 104, 131, 200, 191, 210, 2, 13, 62, 0, 0, 128, 63, 72, 140, 25, 62, 36, 203, 196, 191, 18, 137, 122, 190, 0, 0, 128, 63, 208, 203, 28, 62, 125, 143, 201, 191, 6, 236, 70, 62, 0, 0, 128, 63, 168, 194, 26, 62, 252, 138, 199, 191, 222, 236, 68, 190, 0, 0, 128, 63, 128, 68, 28, 62, 101, 24, 202, 191, 182, 161, 128, 62, 0, 0, 128, 63, 40, 8, 25, 62, 186, 130, 198, 191, 67, 149, 11, 190, 0, 0, 128, 63, 152, 57, 25, 62, 141, 93, 199, 191, 125, 185, 155, 62, 0, 0, 128, 63, 96, 130, 23, 62, 9, 188, 197, 191, 98, 144, 166, 189, 0, 0, 128, 63, 88, 5, 26, 62, 140, 160, 201, 191, 74, 11, 187, 62, 0, 0, 128, 63, 176, 141, 23, 62, 130, 1, 199, 191, 191, 81, 223, 188, 0, 0, 128, 63, 224, 177, 24, 62, 37, 31, 201, 191, 180, 135, 216, 62, 0, 0, 128, 63, 96, 169, 221, 61, 145, 82, 130, 191, 94, 119, 140, 190, 0, 0, 128, 63, 80, 172, 41, 62, 117, 16, 200, 191, 192, 191, 224, 60, 0, 0, 128, 63, 144, 108, 240, 61, 229, 34, 142, 191, 144, 253, 131, 190, 0, 0, 128, 63, 24, 102, 41, 62, 135, 217, 200, 191, 205, 89, 169, 61, 0, 0, 128, 63, 64, 223, 21, 62, 63, 49, 178, 191, 219, 79, 139, 190, 0, 0, 128, 63, 208, 14, 40, 62, 74, 95, 200, 191, 210, 2, 13, 62, 0, 0, 128, 63, 240, 122, 36, 62, 204, 167, 196, 191, 18, 137, 122, 190, 0, 0, 128, 63, 56, 106, 40, 62, 200, 236, 201, 191, 208, 107, 71, 62, 0, 0, 128, 63, 96, 203, 36, 62, 219, 35, 198, 191, 101, 173, 67, 190, 0, 0, 128, 63, 200, 19, 39, 62, 165, 115, 201, 191, 178, 79, 128, 62, 0, 0, 128, 63, 208, 163, 35, 62, 156, 221, 197, 191, 224, 57, 11, 190, 0, 0, 128, 63, 88, 182, 36, 62, 63, 186, 199, 191, 135, 29, 156, 62, 0, 0, 128, 63, 24, 31, 35, 62, 113, 92, 198, 191, 4, 53, 167, 189, 0, 0, 128, 63, 16, 152, 35, 62, 225, 128, 199, 191, 137, 51, 185, 62, 0, 0, 128, 63, 72, 49, 34, 62, 55, 92, 198, 191, 88, 191, 222, 188, 0, 0, 128, 63, 24, 68, 35, 62, 8, 63, 200, 191, 40, 188, 215, 62, 0, 0, 128, 63, 32, 109, 213, 61, 74, 90, 134, 191, 238, 180, 144, 190, 0, 0, 128, 63, 224, 37, 30, 62, 133, 178, 199, 191, 89, 45, 224, 60, 0, 0, 128, 63, 176, 234, 219, 61, 43, 66, 139, 191, 238, 57, 129, 190, 0, 0, 128, 63, 104, 111, 31, 62, 187, 132, 202, 191, 18, 163, 170, 61, 0, 0, 128, 63, 88, 46, 11, 62, 90, 81, 177, 191, 199, 135, 138, 190, 0, 0, 128, 63, 64, 235, 28, 62, 104, 131, 200, 191, 210, 2, 13, 62, 0, 0, 128, 63, 72, 140, 25, 62, 36, 203, 196, 191, 18, 137, 122, 190, 0, 0, 128, 63, 208, 203, 28, 62, 125, 143, 201, 191, 6, 236, 70, 62, 0, 0, 128, 63, 168, 194, 26, 62, 252, 138, 199, 191, 222, 236, 68, 190, 0, 0, 128, 63, 128, 68, 28, 62, 101, 24, 202, 191, 182, 161, 128, 62, 0, 0, 128, 63, 40, 8, 25, 62, 186, 130, 198, 191, 67, 149, 11, 190, 0, 0, 128, 63, 152, 57, 25, 62, 141, 93, 199, 191, 125, 185, 155, 62, 0, 0, 128, 63, 96, 130, 23, 62, 9, 188, 197, 191, 98, 144, 166, 189, 0, 0, 128, 63, 88, 5, 26, 62, 140, 160, 201, 191, 74, 11, 187, 62, 0, 0, 128, 63, 176, 141, 23, 62, 130, 1, 199, 191, 191, 81, 223, 188, 0, 0, 128, 63, 224, 177, 24, 62, 37, 31, 201, 191, 180, 135, 216, 62, 0, 0, 128, 63, 16, 195, 197, 61, 27, 243, 133, 191, 60, 45, 144, 190, 0, 0, 128, 63, 248, 107, 19, 62, 242, 86, 200, 191, 192, 191, 224, 60, 0, 0, 128, 63, 144, 180, 203, 61, 146, 218, 138, 191, 253, 195, 128, 190, 0, 0, 128, 63, 32, 176, 18, 62, 134, 157, 200, 191, 11, 236, 168, 61, 0, 0, 128, 63, 240, 82, 1, 62, 52, 111, 177, 191, 199, 135, 138, 190, 0, 0, 128, 63, 56, 225, 18, 62, 42, 43, 202, 191, 253, 20, 14, 62, 0, 0, 128, 63, 176, 155, 14, 62, 16, 236, 196, 191, 18, 137, 122, 190, 0, 0, 128, 63, 232, 57, 17, 62, 134, 47, 201, 191, 60, 108, 70, 62, 0, 0, 128, 63, 24, 31, 15, 62, 204, 233, 198, 191, 47, 45, 68, 190, 0, 0, 128, 63, 8, 172, 16, 62, 241, 184, 201, 191, 178, 79, 128, 62, 0, 0, 128, 63, 40, 92, 14, 62, 147, 37, 199, 191, 167, 240, 11, 190, 0, 0, 128, 63, 16, 219, 14, 62, 177, 126, 200, 191, 145, 129, 156, 62, 0, 0, 128, 63, 48, 86, 12, 62, 76, 155, 197, 191, 129, 89, 166, 189, 0, 0, 128, 63, 224, 238, 13, 62, 129, 131, 200, 191, 113, 228, 185, 62, 0, 0, 128, 63, 232, 53, 13, 62, 14, 39, 200, 191, 140, 118, 224, 188, 0, 0, 128, 63, 24, 176, 13, 62, 231, 126, 201, 191, 141, 203, 216, 62, 0, 0, 128, 63, 0, 44, 179, 61, 114, 82, 131, 191, 233, 66, 141, 190, 0, 0, 128, 63, 152, 250, 8, 62, 163, 123, 201, 191, 141, 228, 225, 60, 0, 0, 128, 63, 208, 146, 185, 61, 83, 243, 136, 191, 119, 216, 125, 190, 0, 0, 128, 63, 56, 137, 7, 62, 228, 188, 200, 191, 11, 236, 168, 61, 0, 0, 128, 63, 32, 141, 235, 61, 204, 9, 175, 191, 149, 147, 136, 190, 0, 0, 128, 63, 112, 251, 7, 62, 174, 204, 202, 191, 97, 112, 14, 62, 0, 0, 128, 63, 248, 171, 4, 62, 146, 141, 198, 191, 43, 117, 124, 190, 0, 0, 128, 63, 144, 183, 6, 62, 220, 81, 202, 191, 208, 107, 71, 62, 0, 0, 128, 63, 120, 16, 4, 62, 97, 8, 199, 191, 47, 45, 68, 190, 0, 0, 128, 63, 96, 117, 5, 62, 220, 215, 201, 191, 178, 79, 128, 62, 0, 0, 128, 63, 200, 202, 3, 62, 48, 7, 200, 191, 189, 121, 12, 190, 0, 0, 128, 63, 168, 6, 5, 62, 37, 158, 202, 191, 185, 17, 158, 62, 0, 0, 128, 63, 208, 132, 2, 62, 224, 129, 199, 191, 167, 217, 167, 189, 0, 0, 128, 63, 8, 77, 2, 62, 224, 226, 199, 191, 137, 51, 185, 62, 0, 0, 128, 63, 200, 192, 1, 62, 150, 194, 199, 191, 38, 228, 223, 188, 0, 0, 128, 63, 240, 72, 3, 62, 162, 216, 202, 191, 202, 30, 218, 62, 0, 0, 128, 63, 16, 195, 197, 61, 27, 243, 133, 191, 60, 45, 144, 190, 0, 0, 128, 63, 248, 107, 19, 62, 242, 86, 200, 191, 192, 191, 224, 60, 0, 0, 128, 63, 144, 180, 203, 61, 146, 218, 138, 191, 253, 195, 128, 190, 0, 0, 128, 63, 32, 176, 18, 62, 134, 157, 200, 191, 11, 236, 168, 61, 0, 0, 128, 63, 240, 82, 1, 62, 52, 111, 177, 191, 199, 135, 138, 190, 0, 0, 128, 63, 56, 225, 18, 62, 42, 43, 202, 191, 253, 20, 14, 62, 0, 0, 128, 63, 176, 155, 14, 62, 16, 236, 196, 191, 18, 137, 122, 190, 0, 0, 128, 63, 232, 57, 17, 62, 134, 47, 201, 191, 60, 108, 70, 62, 0, 0, 128, 63, 24, 31, 15, 62, 204, 233, 198, 191, 47, 45, 68, 190, 0, 0, 128, 63, 8, 172, 16, 62, 241, 184, 201, 191, 178, 79, 128, 62, 0, 0, 128, 63, 40, 92, 14, 62, 147, 37, 199, 191, 167, 240, 11, 190, 0, 0, 128, 63, 16, 219, 14, 62, 177, 126, 200, 191, 145, 129, 156, 62, 0, 0, 128, 63, 48, 86, 12, 62, 76, 155, 197, 191, 129, 89, 166, 189, 0, 0, 128, 63, 224, 238, 13, 62, 129, 131, 200, 191, 113, 228, 185, 62, 0, 0, 128, 63, 232, 53, 13, 62, 14, 39, 200, 191, 140, 118, 224, 188, 0, 0, 128, 63, 24, 176, 13, 62, 231, 126, 201, 191, 141, 203, 216, 62, 0, 0, 128, 63, 0, 44, 179, 61, 114, 82, 131, 191, 233, 66, 141, 190, 0, 0, 128, 63, 152, 250, 8, 62, 163, 123, 201, 191, 141, 228, 225, 60, 0, 0, 128, 63, 208, 146, 185, 61, 83, 243, 136, 191, 119, 216, 125, 190, 0, 0, 128, 63, 56, 137, 7, 62, 228, 188, 200, 191, 11, 236, 168, 61, 0, 0, 128, 63, 32, 141, 235, 61, 204, 9, 175, 191, 149, 147, 136, 190, 0, 0, 128, 63, 112, 251, 7, 62, 174, 204, 202, 191, 97, 112, 14, 62, 0, 0, 128, 63, 248, 171, 4, 62, 146, 141, 198, 191, 43, 117, 124, 190, 0, 0, 128, 63, 144, 183, 6, 62, 220, 81, 202, 191, 208, 107, 71, 62, 0, 0, 128, 63, 120, 16, 4, 62, 97, 8, 199, 191, 47, 45, 68, 190, 0, 0, 128, 63, 96, 117, 5, 62, 220, 215, 201, 191, 178, 79, 128, 62, 0, 0, 128, 63, 200, 202, 3, 62, 48, 7, 200, 191, 189, 121, 12, 190, 0, 0, 128, 63, 168, 6, 5, 62, 37, 158, 202, 191, 185, 17, 158, 62, 0, 0, 128, 63, 208, 132, 2, 62, 224, 129, 199, 191, 167, 217, 167, 189, 0, 0, 128, 63, 8, 77, 2, 62, 224, 226, 199, 191, 137, 51, 185, 62, 0, 0, 128, 63, 200, 192, 1, 62, 150, 194, 199, 191, 38, 228, 223, 188, 0, 0, 128, 63, 240, 72, 3, 62, 162, 216, 202, 191, 202, 30, 218, 62, 0, 0, 128, 63, 64, 105, 162, 61, 199, 171, 129, 191, 249, 103, 139, 190, 0, 0, 128, 63, 240, 212, 252, 61, 38, 158, 202, 191, 91, 9, 227, 60, 0, 0, 128, 63, 144, 28, 169, 61, 114, 8, 136, 191, 181, 0, 124, 190, 0, 0, 128, 63, 240, 98, 249, 61, 72, 92, 201, 191, 205, 89, 169, 61, 0, 0, 128, 63, 224, 218, 214, 61, 85, 34, 174, 191, 130, 203, 135, 190, 0, 0, 128, 63, 0, 43, 248, 61, 70, 229, 201, 191, 154, 185, 13, 62, 0, 0, 128, 63, 64, 208, 244, 61, 137, 236, 199, 191, 65, 15, 126, 190, 0, 0, 128, 63, 64, 143, 247, 61, 70, 240, 202, 191, 154, 235, 71, 62, 0, 0, 128, 63, 80, 0, 242, 61, 130, 36, 199, 191, 47, 45, 68, 190, 0, 0, 128, 63, 48, 122, 244, 61, 71, 244, 201, 191, 178, 79, 128, 62, 0, 0, 128, 63, 176, 30, 240, 61, 215, 30, 199, 191, 245, 194, 11, 190, 0, 0, 128, 63, 176, 134, 243, 61, 117, 186, 202, 191, 185, 17, 158, 62, 0, 0, 128, 63, 144, 219, 238, 61, 168, 157, 199, 191, 167, 217, 167, 189, 0, 0, 128, 63, 144, 40, 240, 61, 176, 124, 201, 191, 90, 149, 186, 62, 0, 0, 128, 63, 64, 76, 237, 61, 50, 222, 199, 191, 38, 228, 223, 188, 0, 0, 128, 63, 32, 186, 239, 61, 111, 181, 202, 191, 241, 218, 217, 62, 0, 0, 128, 63, 176, 182, 147, 61, 227, 125, 129, 191, 32, 36, 139, 190, 0, 0, 128, 63, 80, 37, 229, 61, 141, 179, 201, 191, 141, 228, 225, 60, 0, 0, 128, 63, 224, 220, 152, 61, 156, 27, 135, 191, 244, 40, 122, 190, 0, 0, 128, 63, 96, 147, 227, 61, 82, 249, 201, 191, 142, 199, 169, 61, 0, 0, 128, 63, 240, 174, 192, 61, 100, 183, 171, 191, 80, 215, 133, 190, 0, 0, 128, 63, 32, 185, 225, 61, 156, 255, 201, 191, 154, 185, 13, 62, 0, 0, 128, 63, 96, 159, 220, 61, 128, 66, 198, 191, 35, 209, 123, 190, 0, 0, 128, 63, 128, 143, 225, 61, 81, 140, 203, 191, 100, 107, 72, 62, 0, 0, 128, 63, 64, 251, 220, 61, 189, 65, 200, 191, 195, 44, 69, 190, 0, 0, 128, 63, 144, 148, 222, 61, 91, 143, 202, 191, 182, 161, 128, 62, 0, 0, 128, 63, 16, 67, 218, 61, 111, 121, 199, 191, 167, 240, 11, 190, 0, 0, 128, 63, 48, 183, 220, 61, 23, 148, 202, 191, 180, 223, 157, 62, 0, 0, 128, 63, 112, 241, 216, 61, 68, 248, 199, 191, 136, 16, 168, 189, 0, 0, 128, 63, 176, 56, 217, 61, 183, 22, 201, 191, 105, 31, 186, 62, 0, 0, 128, 63, 16, 186, 216, 61, 155, 127, 201, 191, 90, 155, 225, 188, 0, 0, 128, 63, 208, 169, 216, 61, 129, 80, 202, 191, 63, 83, 217, 62, 0, 0, 128, 63, 64, 105, 162, 61, 199, 171, 129, 191, 249, 103, 139, 190, 0, 0, 128, 63, 240, 212, 252, 61, 38, 158, 202, 191, 91, 9, 227, 60, 0, 0, 128, 63, 144, 28, 169, 61, 114, 8, 136, 191, 181, 0, 124, 190, 0, 0, 128, 63, 240, 98, 249, 61, 72, 92, 201, 191, 205, 89, 169, 61, 0, 0, 128, 63, 224, 218, 214, 61, 85, 34, 174, 191, 130, 203, 135, 190, 0, 0, 128, 63, 0, 43, 248, 61, 70, 229, 201, 191, 154, 185, 13, 62, 0, 0, 128, 63, 64, 208, 244, 61, 137, 236, 199, 191, 65, 15, 126, 190, 0, 0, 128, 63, 64, 143, 247, 61, 70, 240, 202, 191, 154, 235, 71, 62, 0, 0, 128, 63, 80, 0, 242, 61, 130, 36, 199, 191, 47, 45, 68, 190, 0, 0, 128, 63, 48, 122, 244, 61, 71, 244, 201, 191, 178, 79, 128, 62, 0, 0, 128, 63, 176, 30, 240, 61, 215, 30, 199, 191, 245, 194, 11, 190, 0, 0, 128, 63, 176, 134, 243, 61, 117, 186, 202, 191, 185, 17, 158, 62, 0, 0, 128, 63, 144, 219, 238, 61, 168, 157, 199, 191, 167, 217, 167, 189, 0, 0, 128, 63, 144, 40, 240, 61, 176, 124, 201, 191, 90, 149, 186, 62, 0, 0, 128, 63, 64, 76, 237, 61, 50, 222, 199, 191, 38, 228, 223, 188, 0, 0, 128, 63, 32, 186, 239, 61, 111, 181, 202, 191, 241, 218, 217, 62, 0, 0, 128, 63, 176, 182, 147, 61, 227, 125, 129, 191, 32, 36, 139, 190, 0, 0, 128, 63, 80, 37, 229, 61, 141, 179, 201, 191, 141, 228, 225, 60, 0, 0, 128, 63, 224, 220, 152, 61, 156, 27, 135, 191, 244, 40, 122, 190, 0, 0, 128, 63, 96, 147, 227, 61, 82, 249, 201, 191, 142, 199, 169, 61, 0, 0, 128, 63, 240, 174, 192, 61, 100, 183, 171, 191, 80, 215, 133, 190, 0, 0, 128, 63, 32, 185, 225, 61, 156, 255, 201, 191, 154, 185, 13, 62, 0, 0, 128, 63, 96, 159, 220, 61, 128, 66, 198, 191, 35, 209, 123, 190, 0, 0, 128, 63, 128, 143, 225, 61, 81, 140, 203, 191, 100, 107, 72, 62, 0, 0, 128, 63, 64, 251, 220, 61, 189, 65, 200, 191, 195, 44, 69, 190, 0, 0, 128, 63, 144, 148, 222, 61, 91, 143, 202, 191, 182, 161, 128, 62, 0, 0, 128, 63, 16, 67, 218, 61, 111, 121, 199, 191, 167, 240, 11, 190, 0, 0, 128, 63, 48, 183, 220, 61, 23, 148, 202, 191, 180, 223, 157, 62, 0, 0, 128, 63, 112, 241, 216, 61, 68, 248, 199, 191, 136, 16, 168, 189, 0, 0, 128, 63, 176, 56, 217, 61, 183, 22, 201, 191, 105, 31, 186, 62, 0, 0, 128, 63, 16, 186, 216, 61, 155, 127, 201, 191, 90, 155, 225, 188, 0, 0, 128, 63, 208, 169, 216, 61, 129, 80, 202, 191, 63, 83, 217, 62, 0, 0, 128, 63, 160, 89, 135, 61, 225, 134, 131, 191, 233, 66, 141, 190, 0, 0, 128, 63, 32, 185, 206, 61, 198, 203, 201, 191, 141, 228, 225, 60, 0, 0, 128, 63, 208, 146, 136, 61, 34, 237, 133, 191, 66, 219, 119, 190, 0, 0, 128, 63, 80, 182, 207, 61, 133, 158, 204, 191, 87, 236, 171, 61, 0, 0, 128, 63, 144, 148, 172, 61, 238, 202, 170, 191, 60, 15, 133, 190, 0, 0, 128, 63, 96, 68, 203, 61, 115, 23, 202, 191, 154, 185, 13, 62, 0, 0, 128, 63, 0, 17, 197, 61, 46, 214, 196, 191, 9, 229, 121, 190, 0, 0, 128, 63, 240, 235, 201, 61, 113, 160, 202, 191, 208, 107, 71, 62, 0, 0, 128, 63, 224, 122, 200, 61, 136, 31, 202, 191, 6, 236, 70, 190, 0, 0, 128, 63, 128, 143, 200, 61, 13, 40, 203, 191, 186, 243, 128, 62, 0, 0, 128, 63, 32, 214, 195, 61, 77, 79, 199, 191, 245, 194, 11, 190, 0, 0, 128, 63, 176, 117, 197, 61, 187, 234, 201, 191, 165, 73, 157, 62, 0, 0, 128, 63, 80, 55, 194, 61, 126, 140, 199, 191, 198, 162, 167, 189, 0, 0, 128, 63, 176, 18, 196, 61, 79, 108, 202, 191, 66, 70, 187, 62, 0, 0, 128, 63, 160, 83, 194, 61, 115, 150, 201, 191, 90, 155, 225, 188, 0, 0, 128, 63, 96, 165, 194, 61, 183, 229, 202, 191, 241, 218, 217, 62, 0, 0, 128, 63, 224, 232, 113, 61, 80, 212, 131, 191, 194, 134, 141, 190, 0, 0, 128, 63, 80, 74, 184, 61, 129, 225, 201, 191, 141, 228, 225, 60, 0, 0, 128, 63, 160, 76, 111, 61, 179, 189, 131, 191, 206, 181, 115, 190, 0, 0, 128, 63, 16, 11, 184, 61, 248, 174, 203, 191, 211, 16, 171, 61, 0, 0, 128, 63, 16, 152, 153, 61, 14, 221, 170, 191, 60, 15, 133, 190, 0, 0, 128, 63, 0, 43, 182, 61, 230, 179, 203, 191, 197, 203, 14, 62, 0, 0, 128, 63, 80, 136, 176, 61, 164, 110, 198, 191, 35, 209, 123, 190, 0, 0, 128, 63, 112, 101, 179, 61, 162, 181, 202, 191, 208, 107, 71, 62, 0, 0, 128, 63, 224, 228, 176, 61, 210, 239, 200, 191, 141, 172, 69, 190, 0, 0, 128, 63, 32, 134, 179, 61, 133, 1, 205, 191, 201, 18, 130, 62, 0, 0, 128, 63, 80, 145, 174, 61, 151, 104, 200, 191, 189, 121, 12, 190, 0, 0, 128, 63, 16, 226, 175, 61, 98, 0, 203, 191, 185, 17, 158, 62, 0, 0, 128, 63, 80, 39, 171, 61, 111, 155, 198, 191, 67, 199, 166, 189, 0, 0, 128, 63, 192, 36, 173, 61, 82, 1, 202, 191, 82, 208, 186, 62, 0, 0, 128, 63, 240, 201, 172, 61, 137, 176, 202, 191, 39, 192, 226, 188, 0, 0, 128, 63, 128, 130, 172, 61, 134, 120, 203, 191, 163, 98, 218, 62, 0, 0, 128, 63, 160, 89, 135, 61, 225, 134, 131, 191, 233, 66, 141, 190, 0, 0, 128, 63, 32, 185, 206, 61, 198, 203, 201, 191, 141, 228, 225, 60, 0, 0, 128, 63, 208, 146, 136, 61, 34, 237, 133, 191, 66, 219, 119, 190, 0, 0, 128, 63, 80, 182, 207, 61, 133, 158, 204, 191, 87, 236, 171, 61, 0, 0, 128, 63, 144, 148, 172, 61, 238, 202, 170, 191, 60, 15, 133, 190, 0, 0, 128, 63, 96, 68, 203, 61, 115, 23, 202, 191, 154, 185, 13, 62, 0, 0, 128, 63, 0, 17, 197, 61, 46, 214, 196, 191, 9, 229, 121, 190, 0, 0, 128, 63, 240, 235, 201, 61, 113, 160, 202, 191, 208, 107, 71, 62, 0, 0, 128, 63, 224, 122, 200, 61, 136, 31, 202, 191, 6, 236, 70, 190, 0, 0, 128, 63, 128, 143, 200, 61, 13, 40, 203, 191, 186, 243, 128, 62, 0, 0, 128, 63, 32, 214, 195, 61, 77, 79, 199, 191, 245, 194, 11, 190, 0, 0, 128, 63, 176, 117, 197, 61, 187, 234, 201, 191, 165, 73, 157, 62, 0, 0, 128, 63, 80, 55, 194, 61, 126, 140, 199, 191, 198, 162, 167, 189, 0, 0, 128, 63, 176, 18, 196, 61, 79, 108, 202, 191, 66, 70, 187, 62, 0, 0, 128, 63, 160, 83, 194, 61, 115, 150, 201, 191, 90, 155, 225, 188, 0, 0, 128, 63, 96, 165, 194, 61, 183, 229, 202, 191, 241, 218, 217, 62, 0, 0, 128, 63, 224, 232, 113, 61, 80, 212, 131, 191, 194, 134, 141, 190, 0, 0, 128, 63, 80, 74, 184, 61, 129, 225, 201, 191, 141, 228, 225, 60, 0, 0, 128, 63, 160, 76, 111, 61, 179, 189, 131, 191, 206, 181, 115, 190, 0, 0, 128, 63, 16, 11, 184, 61, 248, 174, 203, 191, 211, 16, 171, 61, 0, 0, 128, 63, 16, 152, 153, 61, 14, 221, 170, 191, 60, 15, 133, 190, 0, 0, 128, 63, 0, 43, 182, 61, 230, 179, 203, 191, 197, 203, 14, 62, 0, 0, 128, 63, 80, 136, 176, 61, 164, 110, 198, 191, 35, 209, 123, 190, 0, 0, 128, 63, 112, 101, 179, 61, 162, 181, 202, 191, 208, 107, 71, 62, 0, 0, 128, 63, 224, 228, 176, 61, 210, 239, 200, 191, 141, 172, 69, 190, 0, 0, 128, 63, 32, 134, 179, 61, 133, 1, 205, 191, 201, 18, 130, 62, 0, 0, 128, 63, 80, 145, 174, 61, 151, 104, 200, 191, 189, 121, 12, 190, 0, 0, 128, 63, 16, 226, 175, 61, 98, 0, 203, 191, 185, 17, 158, 62, 0, 0, 128, 63, 80, 39, 171, 61, 111, 155, 198, 191, 67, 199, 166, 189, 0, 0, 128, 63, 192, 36, 173, 61, 82, 1, 202, 191, 82, 208, 186, 62, 0, 0, 128, 63, 240, 201, 172, 61, 137, 176, 202, 191, 39, 192, 226, 188, 0, 0, 128, 63, 128, 130, 172, 61, 134, 120, 203, 191, 163, 98, 218, 62, 0, 0, 128, 63]
is_dense: True
---
