status: 
  code: 0
  message: "Success."
submap_version: 169
textures: 
  - 
    cells: [31, 139, 8, 0, 0, 0, 0, 0, 4, 255, 237, 153, 237, 75, 2, 65, 16, 198, 31, 10, 212, 180, 55, 43, 200, 44, 33, 210, 50, 138, 196, 168, 52, 137, 140, 176, 34, 40, 34, 138, 232, 149, 62, 84, 244, 33, 36, 40, 138, 202, 208, 251, 215, 155, 59, 69, 57, 185, 57, 47, 105, 103, 9, 221, 229, 238, 118, 246, 217, 155, 223, 238, 156, 183, 187, 156, 128, 72, 10, 137, 80, 120, 72, 148, 151, 68, 148, 184, 8, 133, 135, 228, 121, 73, 68, 217, 23, 161, 240, 144, 45, 94, 18, 81, 158, 68, 40, 60, 228, 158, 151, 68, 148, 55, 17, 10, 15, 49, 120, 73, 68, 41, 137, 80, 120, 136, 238, 241, 235, 230, 127, 241, 161, 17, 81, 186, 227, 23, 9, 51, 11, 233, 244, 247, 47, 197, 70, 70, 137, 224, 67, 24, 81, 244, 99, 0, 195, 136, 152, 132, 1, 37, 24, 214, 105, 12, 99, 152, 198, 40, 6, 41, 135, 129, 10, 54, 216, 166, 106, 132, 57, 204, 34, 137, 4, 226, 116, 142, 224, 21, 223, 56, 160, 174, 136, 165, 94, 2, 79, 89, 180, 24, 157, 19, 160, 30, 204, 136, 193, 157, 64, 6, 253, 24, 116, 38, 253, 252, 33, 157, 195, 135, 65, 111, 96, 24, 125, 218, 250, 96, 32, 93, 157, 8, 52, 245, 192, 160, 8, 140, 104, 98, 119, 177, 221, 8, 116, 35, 32, 184, 250, 57, 4, 123, 178, 227, 215, 159, 160, 67, 84, 228, 170, 12, 201, 221, 143, 195, 176, 12, 232, 253, 2, 249, 255, 199, 31, 66, 144, 98, 24, 132, 159, 118, 17, 126, 4, 232, 28, 32, 171, 122, 173, 214, 152, 86, 136, 142, 30, 171, 214, 254, 16, 12, 112, 251, 159, 56, 246, 105, 109, 174, 230, 50, 62, 105, 175, 94, 38, 235, 131, 142, 82, 173, 182, 82, 187, 154, 181, 37, 218, 201, 62, 227, 17, 69, 60, 224, 14, 247, 184, 193, 45, 174, 112, 97, 229, 115, 156, 80, 249, 24, 71, 148, 139, 164, 22, 48, 87, 239, 132, 251, 243, 191, 174, 183, 115, 46, 212, 246, 174, 116, 73, 96, 17, 243, 216, 196, 58, 150, 144, 199, 10, 86, 145, 69, 14, 107, 88, 166, 115, 150, 242, 6, 50, 216, 118, 112, 98, 238, 191, 248, 212, 138, 207, 223, 233, 85, 225, 227, 111, 122, 184, 244, 234, 166, 237, 118, 47, 174, 243, 175, 250, 241, 191, 187, 198, 255, 170, 237, 113, 121, 189, 177, 64, 13, 249, 221, 247, 153, 87, 55, 109, 183, 219, 37, 58, 191, 2, 156, 182, 237, 215, 235, 141, 25, 107, 222, 224, 90, 171, 231, 231, 172, 57, 75, 31, 63, 69, 209, 231, 227, 127, 204, 117, 236, 207, 234, 211, 14, 115, 114, 195, 249, 94, 163, 168, 168, 180, 224, 202, 63, 84, 68, 109, 184, 77, 90, 107, 87, 195, 182, 151, 212, 255, 59, 53, 1, 159, 203, 243, 207, 218, 187, 163, 192, 154, 118, 153, 125, 128, 29, 5, 68, 187, 203, 113, 187, 217, 100, 229, 154, 108, 105, 115, 73, 26, 216, 196, 155, 111, 178, 91, 153, 179, 173, 26, 252, 82, 167, 15, 132, 90, 147, 238, 47, 51, 252, 204, 44, 19, 22, 141, 252, 31, 170, 227, 221, 211, 0, 34, 0, 0]
    width: 64
    height: 68
    resolution: 0.10000000149
    slice_pose: 
      position: 
        x: 7.2000002861
        y: 4.2000002861
        z: -3.11538730432e-18
      orientation: 
        x: 8.47032947254e-22
        y: 2.16840434548e-19
        z: 0.0
        w: 1.0
  - 
    cells: [31, 139, 8, 0, 0, 0, 0, 0, 4, 255, 99, 96, 192, 10, 188, 176, 138, 194, 4, 235, 97, 12, 172, 52, 185, 178, 242, 64, 211, 112, 235, 117, 101, 8, 98, 200, 198, 106, 31, 253, 4, 235, 129, 238, 131, 193, 42, 134, 42, 134, 114, 32, 68, 128, 66, 4, 19, 11, 43, 28, 139, 24, 66, 40, 15, 193, 196, 194, 194, 47, 171, 132, 69, 7, 92, 8, 0, 49, 231, 97, 154, 224, 1, 0, 0]
    width: 15
    height: 16
    resolution: 0.449999988079
    slice_pose: 
      position: 
        x: 7.19999980927
        y: 4.0499997139
        z: -3.11564120838e-18
      orientation: 
        x: 8.47032947254e-22
        y: 2.16840434548e-19
        z: 0.0
        w: 1.0
